-0.036942 -0.994036 0.102607 0
-0.084833 -0.978512 0.187931 1
-0.04593 -0.994009 0.099179 2
-0.298611 -0.279694 0.912471 3
-0.373681 -0.3722 0.849606 4
-0.288969 -0.372452 0.881916 5
-0.235496 0.642891 0.728858 6
-0.27942 0.715064 0.640787 7
-0.306375 0.643101 0.701823 8
-0.096303 -0.95367 0.285025 9
-0.159823 -0.919487 0.359168 10
-0.12292 -0.953591 0.274873 11
-0.191605 0.779967 0.595767 12
-0.217722 0.837703 0.50085 13
-0.249774 0.78014 0.573581 14
-0.112569 0.928046 0.355049 15
-0.183574 0.887199 0.423296 16
-0.140351 0.88707 0.439782 17
-0.310051 0.011047 0.950656 18
-0.399163 0.109276 0.910345 19
-0.401743 0.011319 0.915683 20
-0.223894 -0.699249 0.678913 21
-0.259952 -0.765778 0.588225 22
-0.201783 -0.765951 0.610412 23
-0.261456 -0.546348 0.795704 24
-0.314728 -0.625601 0.713841 25
-0.243849 -0.625812 0.740876 26
-0.270337 0.481108 0.833938 27
-0.368642 0.393116 0.842356 28
-0.28393 0.392864 0.874667 29
-0.357409 -0.461383 0.812025 5
-0.276544 -0.461623 0.842869 30
-0.330379 0.564945 0.7561 31
-0.25414 0.564719 0.785179 6
-0.066945 -0.978565 0.194754 32
-0.214584 0.714871 0.665517 33
-0.124734 -0.919591 0.372551 9
-0.195186 -0.876527 0.440003 1
-0.309203 -0.087017 0.947007 34
-0.400453 -0.086746 0.912202 35
-0.166781 0.837552 0.52028 14
-0.28873 -0.699056 0.654183 7
-0.054031 0.982875 0.176173 36
-0.032826 0.996228 0.080326 37
-0.071919 0.982928 0.16935 10
-0.382533 0.301097 0.873504 38
-0.294789 0.300837 0.906971 20
-0.337694 -0.546122 0.766625 39
-0.351202 0.481348 0.803095 40
-0.434862 -0.461239 0.773405 16
-0.374262 0.643228 0.667972 13
-0.403401 0.565081 0.719688 21
-0.101967 -0.97848 0.179387 25
-0.386355 -0.279434 0.879004 41
-0.481443 -0.183815 0.856986 42
-0.470396 -0.279277 0.837098 43
-0.34152 0.715179 0.609822 44
-0.236586 -0.87645 0.41936 29
-0.193431 -0.919424 0.342409 45
-0.487853 -0.086583 0.868621 46
-0.266514 0.837794 0.476521 24
-0.22867 -0.825126 0.516602 30
-0.315666 -0.765675 0.560444 47
-0.277462 -0.825035 0.492272 27
-0.11032 0.960163 0.256744 32
-0.181266 0.928212 0.324907 48
-0.147658 0.92815 0.341665 4
-0.392739 0.206179 0.89624 49
-0.486563 0.109438 0.866764 30
-0.35083 -0.698941 0.623218 32
-0.041434 0.996244 0.076033 50
-0.089053 0.98296 0.160807 51
-0.44978 0.393267 0.801898 11
-0.466574 0.301254 0.831598 52
-0.410716 -0.545986 0.730214 1
-0.428655 0.481492 0.764474 53
-0.054538 -0.993993 0.094886 54
-0.454819 -0.372049 0.809147 55
-0.148414 -0.953544 0.262161 14
-0.395308 -0.183976 0.899936 56
-0.305488 0.780244 0.5458 7
-0.224973 0.887276 0.402653 10
-0.489565 0.011483 0.871891 57
-0.135813 0.96021 0.244032 58
-0.478874 0.20634 0.85329 20
-0.382616 -0.625475 0.67999 59
-0.508156 -0.461192 0.727379 39
-0.479818 -0.545942 0.68682 16
-0.472503 0.565125 0.676295 60
-0.501949 0.481539 0.718448 13
-0.11818 -0.97847 0.169206 61
-0.062684 -0.993988 0.089771 62
-0.5316 -0.372001 0.760932 63
-0.400286 0.715217 0.572919 64
-0.438506 0.643268 0.62763 65
-0.172538 -0.953528 0.247011 66
-0.562954 -0.183764 0.8058 67
-0.358211 0.780277 0.512691 68
-0.323634 -0.825006 0.463278 19
-0.275763 -0.876425 0.394759 25
-0.21307 0.928233 0.304935 69
-0.26415 0.8873 0.378051 41
-0.56927 0.109491 0.814827 44
-0.572673 0.011536 0.819703 70
-0.368389 -0.765641 0.527336 71
-0.159938 0.960225 0.228883 45
-0.546103 0.301304 0.781657 72
-0.560385 0.206391 0.802105 73
-0.446859 -0.625434 0.639648 47
-0.526562 0.393316 0.753682 49
-0.549925 -0.279227 0.787156 74
-0.225235 -0.919404 0.322438 48
-0.570561 -0.086531 0.816684 51
-0.312686 0.837823 0.447526 75
-0.409596 -0.698903 0.586315 1
-0.105266 0.982971 0.150626 76
-0.506839 -0.625479 0.593203 2
-0.598248 0.393262 0.698173 53
-0.603287 -0.372055 0.705423 77
-0.576587 -0.461244 0.67439 4
-0.537019 0.565076 0.626338 8
-0.133318 -0.978481 0.157484 56
-0.624177 -0.279282 0.729661 50
-0.455152 0.715176 0.530435 11
-0.312339 -0.876453 0.366436 58
-0.254928 -0.919426 0.299445 78
-0.64778 -0.086589 0.756891 79
-0.300727 0.887273 0.349728 59
-0.355794 0.837791 0.414146 54
-0.366742 -0.825038 0.429898 13
-0.242764 0.92821 0.281943 80
-0.636487 0.206334 0.743176 14
-0.646489 0.109433 0.755034 37
-0.464463 -0.698944 0.54383 63
-0.04958 0.996249 0.070918 57
-0.120404 0.982959 0.138904 66
-0.620355 0.301249 0.724162 81
-0.544334 -0.54599 0.636864 16
-0.57038 0.481488 0.66546 19
-0.070289 -0.993994 0.083882 82
-0.498486 0.643223 0.581185 20
-0.195062 -0.953545 0.22957 41
-0.639056 -0.183821 0.746872 62
-0.407435 0.78024 0.474575 22
-0.650266 0.011477 0.75962 64
-0.417614 -0.765678 0.48922 71
-0.182462 0.960208 0.211441 83
-0.561978 -0.62561 0.541104 67
-0.514901 -0.699064 0.496173 73
-0.064177 0.996227 0.058423 84
-0.13432 0.982926 0.125755 47
-0.688614 0.301087 0.659666 85
-0.639495 -0.461392 0.614951 25
-0.603643 -0.546131 0.580824 28
-0.633288 0.481339 0.60602 75
-0.077281 -0.99401 0.077276 72
-0.669188 -0.37221 0.643155 74
-0.553625 0.643093 0.529086 86
-0.215769 -0.953594 0.210006 87
-0.709016 -0.183986 0.680769 75
-0.395424 0.837697 0.376702 88
-0.452687 0.780133 0.431819 89
-0.345964 -0.876532 0.334665 76
-0.334352 0.887193 0.317957 90
-0.721596 0.011308 0.692222 91
-0.462865 -0.765785 0.446463 55
-0.203168 0.960159 0.191877 92
-0.706447 0.206169 0.677073 77
-0.664149 0.393106 0.635905 50
-0.596328 0.564936 0.570299 93
-0.147234 -0.978514 0.144336 94
-0.692436 -0.279444 0.665165 58
-0.50559 0.715056 0.482777 95
-0.282225 -0.919491 0.273653 78
-0.718767 -0.086757 0.689817 59
-0.406372 -0.825132 0.392454 96
-0.270061 0.928146 0.25615 54
-0.717476 0.109265 0.68796 60
-0.503708 -0.765962 0.399477 97
-0.14688 0.982872 0.111306 80
-0.221857 0.960079 0.170377 57
-0.769591 0.205896 0.604432 98
-0.611745 -0.625824 0.483851 99
-0.690067 0.481094 0.540701 81
-0.723629 0.392849 0.567478 100
-0.696274 -0.461637 0.549631 101
-0.603392 0.642878 0.471833 82
-0.649859 0.564705 0.508716 102
-0.159794 -0.978568 0.129886 103
-0.754045 -0.27971 0.59429 69
-0.49353 0.779957 0.384833 104
-0.551115 0.71486 0.430405 62
-0.376313 -0.876663 0.299751 71
-0.306863 -0.919597 0.245309 105
-0.785977 0.011031 0.618158 83
-0.782838 -0.087033 0.616109 84
-0.364701 0.887062 0.283043 106
-0.431192 0.837543 0.335554 107
-0.44214 -0.825286 0.351306 74
-0.294698 0.928039 0.227807 108
-0.781547 0.108988 0.614252 85
-0.560425 -0.69926 0.443801 75
-0.750222 0.300821 0.58879 109
-0.657174 -0.546362 0.519242 72
-0.083591 -0.994037 0.070016 77
-0.728668 -0.372467 0.574728 86
-0.234457 -0.953675 0.188506 49
-0.77216 -0.184259 0.608128 51
-0.539749 -0.766205 0.348714 94
-0.473703 -0.8255 0.30685 88
-0.316439 0.927892 0.197186 52
-0.825311 0.20552 0.525952 95
-0.838085 0.108606 0.53462 90
-0.655661 -0.626121 0.421997 54
-0.600597 -0.699532 0.38722 110
-0.070488 0.9962 0.051163 55
-0.157963 0.982797 0.095695 80
-0.776116 0.392494 0.493551 93
-0.804588 0.300454 0.512218 56
-0.746377 -0.461976 0.479062 58
-0.704411 -0.546681 0.452709 99
-0.697096 0.564386 0.442184 111
-0.74017 0.480755 0.470131 59
-0.170877 -0.978643 0.114276 103
-0.08916 -0.994075 0.062173 112
-0.781155 -0.372822 0.500801 60
-0.647308 0.642581 0.409978 101
-0.328604 -0.919744 0.214688 113
-0.250949 -0.953786 0.165278 63
-0.839376 -0.087415 0.536477 104
-0.827879 -0.184635 0.529647 98
-0.462755 0.837329 0.291098 65
-0.529571 0.779713 0.33407 105
-0.403094 -0.876844 0.262031 100
-0.391482 0.886881 0.245323 84
-0.842789 0.010647 0.53814 102
-0.238349 0.959967 0.147149 68
-0.80841 -0.280077 0.517717 85
-0.591287 0.714588 0.373824 114
-0.426049 -0.877073 0.221868 69
-0.335074 0.927706 0.164581 70
-0.414437 0.886652 0.20516 115
-0.891484 0.01016 0.452939 71
-0.570641 -0.766514 0.294664 72
-0.252484 0.959826 0.122416 106
-0.87307 0.205042 0.442388 73
-0.7449 -0.547086 0.381868 87
-0.693303 -0.626497 0.356136 116
-0.821104 0.392045 0.414836 108
-0.826143 -0.373271 0.422086 89
-0.789322 -0.462405 0.403922 117
-0.68495 0.642205 0.344117 109
-0.737584 0.563981 0.371342 86
-0.180377 -0.978738 0.097654 118
-0.855008 -0.280543 0.436185 119
-0.625719 0.714244 0.313578 94
-0.347239 -0.91993 0.182083 120
-0.887837 -0.087899 0.451687 88
-0.489808 0.837059 0.243763 95
-0.500756 -0.82577 0.259515 121
-0.886546 0.108122 0.44983 90
-0.63503 -0.699876 0.326974 96
-0.080829 0.996114 0.034969 122
-0.167463 0.982702 0.079073 110
-0.851186 0.299988 0.430686 97
-0.783115 0.480326 0.394991 123
-0.093933 -0.994123 0.053822 93
-0.265084 -0.953928 0.140545 111
-0.875639 -0.185112 0.446084 124
-0.560462 0.779405 0.280019 125
-0.362588 -0.920154 0.147809 103
-0.931593 0.009576 0.363377 126
-0.927753 -0.088481 0.362555 112
-0.433344 0.886377 0.16294 113
-0.512092 0.836735 0.194005 127
-0.596086 -0.766885 0.237846 128
-0.52304 -0.826095 0.209757 104
-0.350423 0.927483 0.130307 129
-0.912409 0.204469 0.354547 98
-0.926462 0.10754 0.360698 105
-0.663391 -0.700289 0.263644 130
-0.175288 0.982588 0.0616 100
-0.889569 0.299429 0.34498 102
-0.824696 -0.46292 0.324935 131
-0.778249 -0.547571 0.307399 132
-0.818489 0.479811 0.316004 114
-0.188202 -0.978852 0.080181 116
-0.097864 -0.99418 0.045043 133
-0.8632 -0.373811 0.339341 134
-0.715955 0.641753 0.274885 135
-0.276727 -0.954097 0.114547 115
-0.914978 -0.185686 0.358243 109
-0.585908 0.779034 0.223201 136
-0.444956 -0.877349 0.179648 106
-0.264128 0.959656 0.096418 86
-0.724308 -0.626949 0.286903 137
-0.858161 0.391505 0.332091 87
-0.770934 0.563496 0.296874 89
-0.893391 -0.281102 0.350479 120
-0.654081 0.713831 0.250248 138
-0.374504 -0.920413 0.112196 90
-0.285766 -0.954294 0.087532 139
-0.945517 -0.186349 0.266969 91
-0.529391 0.836359 0.142302 110
-0.605661 0.778605 0.164163 118
-0.459635 -0.877668 0.135779 92
-0.448023 0.886058 0.119071 94
-0.962731 0.008899 0.270315 123
-0.61584 -0.767314 0.178808 140
-0.181363 0.982456 0.043445 95
-0.273167 0.95946 0.069403 125
-0.942948 0.203806 0.263273 141
-0.748378 -0.627472 0.214965 112
-0.886928 0.39088 0.246113 142
-0.891967 -0.374436 0.253363 96
-0.852157 -0.463517 0.242861 113
-0.796824 0.562933 0.219496 143
-0.194277 -0.978984 0.062026 97
-0.923188 -0.281749 0.261425 98
-0.676099 0.713353 0.184443 124
-0.958741 -0.089154 0.269941 99
-0.540339 -0.82647 0.158055 101
-0.362339 0.927224 0.094693 130
-0.95745 0.106867 0.268085 127
-0.685409 -0.700767 0.197839 103
-0.084761 0.996057 0.02619 132
-0.919366 0.298782 0.255925 144
-0.80414 -0.548134 0.230021 114
-0.84595 0.479214 0.233931 145
-0.100916 -0.994246 0.035922 104
-0.740025 0.64123 0.202947 115
-0.292114 -0.954515 0.059762 146
-0.198543 -0.979133 0.043362 105
-0.966963 -0.187097 0.173142 107
-0.944112 -0.282479 0.169879 136
-0.69156 0.712814 0.116798 131
-0.382872 -0.920704 0.075586 133
-0.984598 0.008137 0.174649 147
-0.980502 -0.089913 0.174737 148
-0.45833 0.885698 0.073975 135
-0.541539 0.835935 0.089154 149
-0.629711 -0.767797 0.118118 150
-0.552487 -0.826894 0.104906 117
-0.370707 0.926932 0.058084 151
-0.964395 0.203058 0.169446 136
-0.979211 0.106108 0.17288 137
-0.700871 -0.701306 0.130194 152
-0.087813 0.995991 0.017068 153
-0.185629 0.982307 0.024781 120
-0.90713 0.390176 0.15773 154
-0.94029 0.298052 0.164379 138
-0.871441 -0.464189 0.158492 121
-0.822321 -0.548768 0.150478 155
-0.815005 0.562299 0.139953 139
-0.865234 0.478542 0.149562 122
-0.103059 -0.994321 0.026545 156
-0.912169 -0.375141 0.16498 118
-0.756928 0.640641 0.128996 123
-0.619533 0.778121 0.103474 157
-0.469942 -0.878027 0.090683 140
-0.279514 0.959239 0.041633 125
-0.765281 -0.628061 0.141015 158
-0.104273 -0.994403 0.017003 141
-0.92361 -0.375917 0.075043 126
-0.700317 0.712219 0.047963 159
-0.766501 0.639991 0.053746 142
-0.387611 -0.921026 0.038333 143
-0.295709 -0.954759 0.031504 160
-0.979109 -0.187921 0.077665 161
-0.54842 0.835468 0.03507 129
-0.62739 0.777588 0.041717 162
-0.559367 -0.827361 0.050822 124
-0.47578 -0.878423 0.044794 130
-0.375446 0.92661 0.02083 163
-0.464168 0.885302 0.028086 127
-0.996982 0.007296 0.077302 132
-0.637568 -0.768331 0.056362 164
-0.283109 0.958995 0.013375 144
-0.976541 0.202234 0.073969 133
-0.832618 -0.549467 0.069537 165
-0.774854 -0.628711 0.065764 145
-0.918571 0.389399 0.067793 135
-0.882363 -0.464931 0.07264 166
-0.825302 0.5616 0.059012 146
-0.200959 -0.979297 0.024371 136
-0.955963 -0.283283 0.076723 167
-0.992826 -0.090749 0.077858 131
-0.991535 0.105272 0.076001 137
-0.709628 -0.701901 0.061359 147
-0.089956 0.995916 0.007691 116
-0.188045 0.982143 0.00579 117
-0.952141 0.297248 0.071224 154
-0.876156 0.4778 0.063709 168
-0.926181 -0.376759 -0.015582 118
-0.884817 -0.465734 -0.013869 152
-0.827616 0.560843 -0.022549 119
-0.201502 -0.979474 0.005234 120
-0.981839 -0.188815 -0.018542 157
-0.958626 -0.284155 -0.017145 169
-0.702285 0.711575 -0.021399 121
-0.388676 -0.921375 0.000795 158
-0.999764 0.006385 -0.02079 170
-0.995595 -0.091656 -0.019761 142
-0.549966 0.834962 -0.019427 171
-0.639333 -0.768909 -0.005867 122
-0.560913 -0.827867 -0.003674 143
-0.283917 0.95873 -0.0151 172
-0.376511 0.926262 -0.016708 123
-0.97927 0.20134 -0.022238 124
-0.994304 0.104365 -0.021618 173
-0.777005 -0.629415 -0.010061 125
-0.711595 -0.702545 -0.008003 126
-0.091443 0.995744 -0.011465 164
-0.188588 0.981966 -0.013347 174
-0.954804 0.296376 -0.022644 127
-0.834931 -0.550224 -0.012023 160
-0.87861 0.476997 -0.0228 128
-0.104546 -0.994493 0.007388 129
-0.768652 0.639287 -0.02208 165
-0.296516 -0.955023 0.003029 175
-0.629155 0.77701 -0.020511 146
-0.477092 -0.878853 -0.001447 176
-0.46548 0.884873 -0.018155 130
-0.921142 0.388558 -0.022832 132
-0.878779 -0.466592 -0.100202 167
-0.829239 -0.551033 -0.093417 177
-0.821924 0.560034 -0.103942 148
-0.872572 0.476139 -0.109133 178
-0.200166 -0.979664 -0.013864 165
-0.103875 -0.994588 -0.002207 166
-0.919856 -0.377657 -0.106022 179
-0.76336 0.638536 -0.097751 180
-0.386056 -0.921747 -0.036666 151
-0.294529 -0.955306 -0.025387 181
-0.975124 -0.189768 -0.114553 167
-0.624812 0.776393 -0.082613 153
-0.473865 -0.879311 -0.047592 182
-0.462253 0.884414 -0.0643 147
-0.992918 0.005413 -0.118681 168
-0.706755 -0.703232 -0.077222 183
-0.63499 -0.769525 -0.067968 184
-0.281929 0.958448 -0.043517 156
-0.972555 0.200386 -0.118249 185
-0.771713 -0.630167 -0.085733 152
-0.914817 0.387659 -0.113272 169
-0.952075 -0.285086 -0.110821 186
-0.697444 0.710887 -0.090619 187
-0.988782 -0.092624 -0.117181 158
-0.546162 0.834422 -0.073812 188
-0.55711 -0.828407 -0.05806 170
-0.373891 0.92589 -0.054169 159
-0.987492 0.103398 -0.119038 189
-0.187252 0.981776 -0.032445 171
-0.948253 0.295445 -0.11632 172
-0.815596 -0.551885 -0.173861 190
-0.759029 -0.630959 -0.16052 191
-0.858102 0.475236 -0.194457 173
-0.899658 0.386713 -0.202656 192
-0.904697 -0.378604 -0.195406 193
-0.864309 -0.467495 -0.185527 174
-0.808281 0.559182 -0.184386 194
-0.289766 -0.955603 -0.053472 195
-0.196965 -0.979864 -0.032738 160
-0.959031 -0.190773 -0.209442 196
-0.936373 -0.286066 -0.203404 197
-0.685842 0.710163 -0.15903 165
-0.379777 -0.922139 -0.07369 198
-0.97651 0.004388 -0.21543 175
-0.972453 -0.093643 -0.213464 176
-0.537046 0.833853 -0.127563 180
-0.624581 -0.770175 -0.129345 199
-0.547994 -0.828977 -0.111811 177
-0.277166 0.958151 -0.071601 181
-0.367612 0.925497 -0.091193 200
-0.956463 0.199382 -0.213138 147
-0.971163 0.102378 -0.215321 201
-0.695152 -0.703957 -0.145634 148
-0.090772 0.995649 -0.02106 149
-0.184051 0.981576 -0.051319 179
-0.932551 0.294465 -0.208903 150
-0.102267 -0.994689 -0.01169 151
-0.750676 0.637744 -0.172539 184
-0.614402 0.775743 -0.14399 202
-0.46613 -0.879794 -0.093199 153
-0.454518 0.883931 -0.109907 185
-0.739076 -0.631784 -0.233704 203
-0.6769 -0.704711 -0.212578 154
-0.089163 0.995549 -0.030544 187
-0.179015 0.981368 -0.069789 183
-0.90785 0.293444 -0.2995 155
-0.841544 -0.468436 -0.269022 188
-0.794134 -0.552772 -0.252579 204
-0.786819 0.558295 -0.263104 156
-0.835337 0.474295 -0.277952 189
-0.099737 -0.994793 -0.020969 205
-0.88085 -0.379589 -0.282873 157
-0.730723 0.636919 -0.245723 191
-0.369899 -0.922547 -0.10992 186
-0.282273 -0.955913 -0.080954 173
-0.933715 -0.19182 -0.302297 206
-0.598027 0.775066 -0.20405 158
-0.533654 -0.829569 -0.164409 159
-0.453962 -0.880297 -0.137828 195
-0.44235 0.883428 -0.154536 207
-0.950698 0.003322 -0.310103 160
-0.608206 -0.770852 -0.189405 190
-0.269673 0.957841 -0.099084 161
-0.931146 0.198335 -0.305993 175
-0.875811 0.385727 -0.290123 192
-0.191929 -0.980072 -0.051208 162
-0.911672 -0.287087 -0.294001 176
-0.66759 0.709409 -0.225975 196
-0.946765 -0.094705 -0.307682 163
-0.522705 0.83326 -0.180161 177
-0.357734 0.925089 -0.127424 194
-0.945474 0.101316 -0.309539 164
-0.586022 -0.771549 -0.247571 198
-0.172193 0.981154 -0.087677 208
-0.259523 0.957522 -0.125699 209
-0.89685 0.197258 -0.395919 180
-0.765059 -0.553685 -0.328814 210
-0.712045 -0.632633 -0.304579 199
-0.804498 0.473326 -0.358813 200
-0.843504 0.384712 -0.374831 211
-0.848543 -0.380605 -0.367581 212
-0.810705 -0.469405 -0.349883 201
-0.757744 0.557382 -0.33934 213
-0.185107 -0.980287 -0.069096 214
-0.899419 -0.192897 -0.392223 215
-0.87821 -0.288138 -0.38174 216
-0.642863 0.708632 -0.290807 179
-0.356517 -0.922968 -0.145008 202
-0.91573 0.002223 -0.401791 217
-0.911965 -0.095799 -0.398928 218
-0.503278 0.832649 -0.2311 203
-0.514226 -0.83018 -0.215347 219
-0.344352 0.924669 -0.162511 220
-0.910675 0.100223 -0.400785 183
-0.652174 -0.705488 -0.277411 221
-0.086633 0.995444 -0.039823 222
-0.874388 0.292393 -0.38724 204
-0.096309 -0.994901 -0.029956 223
-0.703692 0.63607 -0.316598 224
-0.272123 -0.956232 -0.10757 189
-0.575844 0.774369 -0.262216 225
-0.437478 -0.880815 -0.181049 205
-0.425866 0.88291 -0.197758 191
-0.558244 -0.77226 -0.303282 226
-0.489899 -0.830802 -0.264136 186
-0.327596 0.92424 -0.196117 206
-0.853904 0.196159 -0.482049 227
-0.867098 0.099108 -0.48818 228
-0.678197 -0.633499 -0.372464 207
-0.621212 -0.70628 -0.339508 229
-0.083206 0.995336 -0.04881 230
-0.163651 0.980935 -0.104809 190
-0.832486 0.291321 -0.471276 231
-0.772088 -0.470393 -0.427331 232
-0.728651 -0.554617 -0.401832 198
-0.765881 0.472338 -0.436262 233
-0.092017 -0.995011 -0.038564 192
-0.808089 -0.381639 -0.448714 199
-0.669844 0.635204 -0.384482 234
-0.33976 -0.923396 -0.178614 196
-0.259412 -0.956557 -0.133062 200
-0.856473 -0.193996 -0.478353 235
-0.548065 0.773659 -0.317927 194
-0.416837 -0.881343 -0.222446 201
-0.405225 0.882382 -0.239155 208
-0.871943 0.001103 -0.489609 178
-0.246812 0.957197 -0.151191 179
-0.80305 0.383677 -0.455965 236
-0.721336 0.55645 -0.412358 180
-0.176565 -0.980505 -0.086228 202
-0.836308 -0.28921 -0.465777 211
-0.611901 0.70784 -0.352904 181
-0.868389 -0.096913 -0.486323 182
-0.478951 0.832027 -0.279889 220
-0.460907 -0.83143 -0.310306 213
-0.392238 -0.881876 -0.261621 183
-0.380625 0.881849 -0.278329 217
-0.819758 -2.8e-05 -0.572711 184
-0.525138 -0.772977 -0.356002 185
-0.231664 0.956869 -0.175315 225
-0.802722 0.19505 -0.563555 219
-0.637858 -0.634373 -0.436703 186
-0.754838 0.382632 -0.532741 221
-0.759877 -0.382684 -0.525491 187
-0.726065 -0.47139 -0.500621 206
-0.629505 0.634329 -0.448722 223
-0.677946 0.55551 -0.481455 188
-0.166384 -0.980726 -0.102441 207
-0.805291 -0.195105 -0.559859 237
-0.786371 -0.290293 -0.545301 189
-0.575001 0.70704 -0.411667 191
-0.31979 -0.923829 -0.210416 232
-0.816456 -0.098039 -0.569025 238
-0.449959 0.831399 -0.326058 192
-0.307626 0.923807 -0.22792 227
-0.815165 0.097983 -0.570882 193
-0.584312 -0.70708 -0.39827 195
-0.073799 0.995116 -0.065564 235
-0.15347 0.980715 -0.121022 229
-0.782549 0.290238 -0.550801 196
-0.685261 -0.555557 -0.47093 231
-0.719858 0.471341 -0.509552 197
-0.086902 -0.995121 -0.046709 209
-0.244263 -0.956885 -0.157185 239
-0.51496 0.772941 -0.370647 233
-0.296799 -0.924262 -0.240108 234
-0.759679 -0.001159 -0.650299 240
-0.756666 -0.099164 -0.646239 241
-0.416581 0.830771 -0.369163 212
-0.487024 -0.773694 -0.405223 242
-0.427529 -0.832058 -0.353411 235
-0.214224 0.95654 -0.197837 214
-0.284634 0.923375 -0.257611 243
-0.743798 0.193941 -0.639651 208
-0.755375 0.096857 -0.648096 216
-0.541829 -0.707879 -0.453133 244
-0.141749 0.980494 -0.136159 236
-0.725056 0.289157 -0.625047 218
-0.67308 -0.472387 -0.569047 245
-0.635307 -0.556497 -0.535441 211
-0.627992 0.55457 -0.545966 213
-0.666873 0.470344 -0.577978 246
-0.081014 -0.995232 -0.054314 247
-0.704371 -0.383729 -0.597173 222
-0.583063 0.633456 -0.508697 248
-0.226823 -0.957213 -0.179708 217
-0.746366 -0.196214 -0.635956 219
-0.476846 0.772224 -0.419868 249
-0.363916 -0.882409 -0.298195 250
-0.352304 0.881316 -0.314903 221
-0.591416 -0.635247 -0.496679 251
-0.699332 0.381588 -0.604423 252
-0.154663 -0.980946 -0.117577 228
-0.728878 -0.291374 -0.619547 253
-0.532519 0.706241 -0.466529 223
-0.271008 -0.92469 -0.267402 230
-0.20726 -0.957538 -0.200412 254
-0.680266 -0.197312 -0.70591 237
-0.434091 0.771514 -0.465116 232
-0.390086 -0.83268 -0.393037 255
-0.332147 -0.882937 -0.331817 238
-0.258843 0.922946 -0.284906 233
-0.320534 0.880789 -0.348526 256
-0.692284 -0.002278 -0.721623 227
-0.494174 -0.708671 -0.503567 229
-0.444269 -0.774405 -0.450471 242
-0.128601 0.980276 -0.150073 257
-0.19466 0.956215 -0.218542 234
-0.677697 0.192843 -0.709606 258
-0.57927 -0.557428 -0.594745 231
-0.539319 -0.636112 -0.551813 209
-0.637067 0.380553 -0.670318 243
-0.642106 -0.384763 -0.663068 259
-0.613643 -0.473375 -0.63195 210
-0.571955 0.553639 -0.605271 244
-0.141515 -0.981165 -0.131492 240
-0.664385 -0.292446 -0.687801 212
-0.484863 0.705449 -0.516963 245
-0.689595 -0.100278 -0.71722 260
-0.379138 0.830149 -0.408789 214
-0.688305 0.095743 -0.719077 247
-0.061304 0.994895 -0.08016 261
-0.660563 0.288085 -0.6933 216
-0.607436 0.469356 -0.64088 262
-0.074408 -0.995342 -0.061305 263
-0.530966 0.63259 -0.563832 217
-0.127066 -0.981379 -0.144051 264
-0.607627 -0.198388 -0.769048 218
-0.593512 -0.293496 -0.749404 220
-0.387106 0.770818 -0.505955 250
-0.432493 0.704673 -0.562483 246
-0.242666 -0.92511 -0.292037 222
-0.618221 -0.003376 -0.785998 252
-0.615889 -0.10137 -0.781285 265
-0.337991 0.829539 -0.444554 223
-0.397285 -0.775101 -0.49131 266
-0.34894 -0.83329 -0.428801 224
-0.230501 0.922526 -0.309541 237
-0.605058 0.191767 -0.772744 249
-0.614599 0.094651 -0.783142 225
-0.482068 -0.636961 -0.601575 226
-0.441804 -0.709447 -0.549087 255
-0.114152 0.980062 -0.162632 251
-0.58969 0.287035 -0.754903 227
-0.548326 -0.474343 -0.688723 267
-0.51769 -0.55834 -0.648271 228
-0.510374 0.552727 -0.658796 230
-0.542119 0.468388 -0.697654 257
-0.067148 -0.995449 -0.067615 268
-0.573682 -0.385777 -0.722542 231
-0.473715 0.631742 -0.613594 269
-0.18576 -0.957857 -0.219099 232
-0.297234 -0.883454 -0.362163 239
-0.285622 0.880271 -0.378872 270
-0.17316 0.955897 -0.237229 256
-0.568642 0.379539 -0.729792 257
-0.059305 -0.995554 -0.073183 271
-0.499756 -0.386761 -0.775024 272
-0.411862 0.630919 -0.657505 258
-0.212045 -0.925518 -0.313776 273
-0.162533 -0.958166 -0.235589 274
-0.529148 -0.199433 -0.824761 259
-0.293537 0.828947 -0.476113 275
-0.336344 0.770142 -0.541992 276
-0.304485 -0.833882 -0.460361 244
-0.259515 -0.883956 -0.388941 277
-0.19988 0.922119 -0.331279 240
-0.247902 0.879769 -0.40565 260
-0.538205 -0.004441 -0.842803 278
-0.346523 -0.775776 -0.527347 279
-0.149933 0.955588 -0.253719 247
-0.52658 0.190722 -0.828457 280
-0.420215 -0.637784 -0.645487 261
-0.471551 0.467449 -0.747752 262
-0.494717 0.378556 -0.782274 281
-0.477758 -0.475282 -0.738821 263
-0.443844 0.551841 -0.706028 248
-0.111456 -0.981587 -0.155133 282
-0.516941 -0.294515 -0.803763 264
-0.375913 0.70392 -0.60265 246
-0.536259 -0.10243 -0.837816 283
-0.534968 0.093591 -0.839673 284
-0.385224 -0.7102 -0.589254 252
-0.054045 0.994788 -0.086469 285
-0.098542 0.979854 -0.173714 265
-0.513119 0.286016 -0.809262 266
-0.451159 -0.559226 -0.695503 286
-0.421042 -0.387705 -0.820006 287
-0.402619 -0.476183 -0.78176 254
-0.373003 0.550991 -0.746511 288
-0.137801 -0.958463 -0.249722 249
-0.094834 -0.981786 -0.164632 255
-0.445586 -0.200435 -0.872514 289
-0.435411 -0.295493 -0.850355 251
-0.315668 0.703197 -0.637079 267
-0.17944 -0.925909 -0.332408 270
-0.453006 -0.005463 -0.891492 290
-0.45147 -0.103447 -0.886271 257
-0.207739 0.879287 -0.428601 291
-0.246203 0.828379 -0.503163 268
-0.257151 -0.83445 -0.487411 258
-0.125201 0.955291 -0.267852 292
-0.167276 0.921728 -0.349912 269
-0.443017 0.18972 -0.87621 259
-0.450179 0.092574 -0.888128 293
-0.354355 -0.638574 -0.683123 239
-0.324979 -0.710923 -0.623682 240
-0.037851 0.994583 -0.09681 273
-0.08192 0.979654 -0.183213 241
-0.431588 0.285038 -0.855855 260
-0.380318 -0.560076 -0.735986 271
-0.396412 0.466548 -0.790691 242
-0.050954 -0.995654 -0.077955 261
-0.346002 0.630129 -0.695142 275
-0.282295 0.769494 -0.572879 243
-0.219352 -0.884438 -0.411893 263
-0.292473 -0.776425 -0.558234 294
-0.416003 0.377611 -0.827256 244
-0.323632 -0.477038 -0.817128 264
-0.30585 -0.560882 -0.76933 278
-0.298535 0.550185 -0.779856 245
-0.317425 0.465693 -0.826059 246
-0.042176 -0.995749 -0.081886 295
-0.338298 -0.388601 -0.857056 247
-0.276769 0.629379 -0.726142 265
-0.145167 -0.92628 -0.347755 296
-0.111802 -0.958744 -0.261364 248
-0.357745 -0.201386 -0.911847 250
-0.196445 0.827841 -0.525443 288
-0.225477 0.768879 -0.59832 283
-0.207393 -0.834988 -0.509691 252
-0.177133 -0.884895 -0.430797 289
-0.133002 0.921357 -0.365259 297
-0.16552 0.87883 -0.447506 253
-0.363444 -0.006432 -0.931595 290
-0.235656 -0.77704 -0.583675 286
-0.099202 0.955009 -0.279494 254
-0.355176 0.188769 -0.915543 291
-0.285122 -0.639324 -0.714123 298
-0.333259 0.376715 -0.864307 255
-0.077362 -0.981975 -0.172455 292
-0.349705 -0.296421 -0.888731 299
-0.252338 0.702511 -0.665436 290
-0.362339 -0.104412 -0.92618 300
-0.361048 0.091609 -0.928037 301
-0.261649 -0.711608 -0.652039 272
-0.064447 0.979465 -0.191037 302
-0.345883 0.28411 -0.894231 291
-0.228472 -0.561637 -0.795215 292
-0.213184 -0.640025 -0.738188 303
-0.247281 0.375877 -0.893068 304
-0.25232 -0.389439 -0.885818 276
-0.241559 -0.477839 -0.844584 305
-0.221156 0.54943 -0.80574 293
-0.059206 -0.982152 -0.178529 277
-0.266471 -0.202277 -0.94238 306
-0.26065 -0.29729 -0.918522 273
-0.166439 0.768303 -0.61807 279
-0.186533 0.70187 -0.687449 307
-0.109553 -0.926627 -0.359668 271
-0.269725 -0.105315 -0.957162 280
-0.144742 0.827336 -0.542739 308
-0.15569 -0.835493 -0.526986 275
-0.072188 0.954746 -0.288531 294
-0.097388 0.921009 -0.377172 309
-0.263902 0.187878 -0.946076 310
-0.268434 0.090706 -0.959019 282
-0.195844 -0.71225 -0.674052 311
-0.029072 0.994488 -0.100741 278
-0.046292 0.979288 -0.19711 284
-0.256828 0.283241 -0.924022 312
-0.235352 0.464892 -0.853514 295
-0.033054 -0.995838 -0.084937 285
-0.204831 0.628677 -0.750207 313
-0.084788 -0.959008 -0.270401 296
-0.133263 -0.885323 -0.445473 283
-0.121651 0.878403 -0.462181 314
-0.270382 -0.00734 -0.962726 315
-0.176618 -0.777616 -0.603425 289
-0.163936 -0.390213 -0.906014 316
-0.157189 -0.478577 -0.863862 297
-0.13088 0.62803 -0.767105 286
-0.141613 0.548734 -0.823916 301
-0.057017 -0.959251 -0.276746 317
-0.040543 -0.982316 -0.182793 298
-0.172643 -0.203097 -0.96382 302
-0.169103 -0.29809 -0.93944 318
-0.105749 0.767772 -0.631938 299
-0.118887 0.701278 -0.702906 304
-0.072943 -0.926948 -0.368034 319
-0.174519 -0.106148 -0.978916 293
-0.091593 0.826872 -0.554884 300
-0.115928 -0.778147 -0.617293 270
-0.102541 -0.835958 -0.539131 272
-0.060778 0.920689 -0.385537 307
-0.170074 0.187058 -0.967516 320
-0.173229 0.089873 -0.980773 274
-0.139233 -0.640672 -0.755086 306
-0.128198 -0.712842 -0.68951 303
-0.010573 0.994317 -0.105935 276
-0.027628 0.979125 -0.201375 308
-0.158897 0.375104 -0.913264 321
-0.165281 0.282441 -0.94494 294
-0.148928 -0.562332 -0.813391 322
-0.150982 0.464154 -0.872793 277
-0.023677 -0.99592 -0.08708 279
-0.088167 -0.885717 -0.455777 311
-0.076554 0.878008 -0.472486 323
-0.174715 -0.008177 -0.984586 280
-0.044417 0.954503 -0.294876 312
-0.071335 -0.479246 -0.874778 324
-0.067986 -0.562963 -0.823682 325
-0.06067 0.548104 -0.834208 309
-0.065128 0.463485 -0.883709 281
-0.014135 -0.995994 -0.088293 282
-0.073997 -0.390913 -0.917449 313
-0.050051 0.700742 -0.711658 326
-0.055629 0.627444 -0.776673 284
-0.03569 -0.927238 -0.372771 315
-0.028759 -0.959471 -0.280339 327
-0.077165 -0.203841 -0.97596 285
-0.043992 0.767291 -0.63979 316
-0.042277 -0.886075 -0.461612 328
-0.030664 0.877651 -0.47832 287
-0.076349 0.089118 -0.993091 317
-0.077367 -0.008935 -0.996964 329
-0.05417 -0.778628 -0.625145 298
-0.016158 0.954283 -0.298469 314
-0.074596 0.186314 -0.979656 288
-0.063982 -0.641258 -0.764654 299
-0.068958 0.374403 -0.924699 330
-0.021551 -0.982463 -0.185208 289
-0.075946 -0.298816 -0.951285 317
-0.07764 -0.106903 -0.991234 331
-0.037509 0.82645 -0.56176 332
-0.048457 -0.836379 -0.546008 318
-0.023524 0.920399 -0.390274 333
-0.059362 -0.713378 -0.698262 334
-0.008636 0.978977 -0.20379 304
-0.072124 0.281715 -0.956785 335
0.011846 -0.641778 -0.7668 319
0.021669 0.373782 -0.927264 305
0.01663 -0.391534 -0.920014 336
0.015176 -0.479839 -0.877227 300
0.020892 0.547545 -0.836516 320
-0.002414 -0.982595 -0.18575 337
0.019044 -0.2045 -0.978683 338
0.017923 -0.299459 -0.953942 303
0.018238 0.766864 -0.641551 339
0.019312 0.700266 -0.713621 340
0.003964 -0.886392 -0.462921 321
0.001849 -0.927495 -0.373833 341
0.019982 -0.107572 -0.993997 342
0.015577 0.877334 -0.479629 310
0.016989 0.826077 -0.563303 343
0.006041 -0.836752 -0.54755 322
0.012317 0.954088 -0.299275 323
0.014015 0.920142 -0.391337 344
0.021613 0.185655 -0.982379 345
0.021272 0.08845 -0.995854 312
0.010001 -0.713853 -0.700225 346
-0.001031 0.994243 -0.107148 324
0.010501 0.978846 -0.204331 347
0.021746 0.281072 -0.959441 348
0.013576 -0.563522 -0.825991 309
0.021383 0.462893 -0.886158 326
-0.00452 -0.99606 -0.088565 349
0.020199 0.626925 -0.778819 350
-0.000284 -0.959666 -0.281145 327
0.020727 -0.009607 -0.99974 351
0.00806 -0.779054 -0.626906 352
0.079222 -0.714263 -0.69538 328
0.008584 0.994177 -0.10742 353
0.029599 0.978733 -0.202995 354
0.112111 0.373247 -0.920934 317
0.115425 0.280517 -0.952885 355
0.101511 -0.48035 -0.871184 329
0.094972 -0.564004 -0.820294 318
0.102288 0.547063 -0.830819 356
0.107718 0.462381 -0.880115 314
0.005075 -0.996117 -0.087894 319
0.107072 -0.39207 -0.913684 357
0.088533 0.699857 -0.708777 330
0.095872 0.626477 -0.773523 300
0.028134 -0.959834 -0.279156 331
0.115057 -0.205069 -0.971963 301
0.071377 0.825755 -0.559496 320
0.080342 0.766497 -0.637205 333
0.060428 -0.837074 -0.543744 302
0.050111 -0.886665 -0.459691 303
0.061724 0.87706 -0.476399 358
0.118695 0.087873 -0.989035 304
0.118621 -0.010187 -0.992888 321
0.070163 -0.779422 -0.622559 359
0.040734 0.95392 -0.297286 305
0.117626 0.185086 -0.975659 322
0.087519 -0.642226 -0.761504 339
0.016685 -0.982708 -0.184413 306
0.111602 -0.300014 -0.947385 307
0.039312 -0.927717 -0.371211 345
0.117405 -0.108149 -0.987179 337
0.051477 0.91992 -0.388715 324
0.131542 -0.779727 -0.612147 341
0.048475 0.978639 -0.199793 308
0.06882 0.95378 -0.292522 309
0.212519 0.184614 -0.95956 360
0.175418 -0.564404 -0.806646 310
0.162309 -0.642598 -0.748816 326
0.201498 0.372802 -0.90577 344
0.196459 -0.392515 -0.89852 311
0.186838 -0.480774 -0.856709 327
0.182734 0.546663 -0.817172 361
0.056219 -0.959974 -0.274392 312
0.03556 -0.982802 -0.181211 328
0.20995 -0.205541 -0.955864 349
0.204188 -0.300475 -0.931678 313
0.156947 0.699516 -0.69717 315
0.076337 -0.927901 -0.36493 356
0.213691 -0.108628 -0.970844 351
0.125129 0.825487 -0.550377 316
0.114181 -0.837342 -0.534625 357
0.088502 0.919735 -0.382433 353
0.214981 0.087393 -0.972701 332
0.147636 -0.714604 -0.683774 362
0.018179 0.99412 -0.106748 355
0.20801 0.280056 -0.937178 334
0.193046 0.461957 -0.865639 363
0.014558 -0.996164 -0.086285 356
0.170662 0.626104 -0.760835 357
0.141721 0.766191 -0.626792 364
0.09572 -0.886892 -0.451954 365
0.107333 0.876833 -0.468662 331
0.215373 -0.010669 -0.976475 366
0.166781 -0.837552 -0.520281 367
0.096303 0.95367 -0.285027 338
0.124734 0.91959 -0.372553 368
0.305377 0.184242 -0.934239 333
0.309203 0.087016 -0.947007 358
0.214583 -0.714872 -0.665518 369
0.027663 0.994073 -0.10514 370
0.066945 0.978565 -0.194756 359
0.288969 0.372452 -0.881917 371
0.298611 0.279694 -0.912472 372
0.270337 -0.481108 -0.833939 339
0.25414 -0.564719 -0.785179 373
0.261455 0.546348 -0.795705 374
0.276544 0.461623 -0.84287 345
0.023838 -0.996202 -0.083754 375
0.28393 -0.392865 -0.874667 337
0.223894 0.699248 -0.678914 346
0.243849 0.625812 -0.740877 376
0.083703 -0.960084 -0.266897 341
0.302809 -0.205913 -0.930543 348
0.177729 0.825277 -0.536034 377
0.201783 0.765951 -0.610413 360
0.140351 -0.887071 -0.439783 350
0.151963 0.876655 -0.456492 378
0.310051 -0.011047 -0.950657 344
0.191605 -0.779968 -0.595768 361
0.235496 -0.642891 -0.728858 379
0.054031 -0.982875 -0.176174 380
0.294789 -0.300837 -0.906972 354
0.112569 -0.928046 -0.35505 381
0.307912 -0.109005 -0.945151 349
0.217722 -0.837704 -0.500851 351
0.183574 -0.887199 -0.423297 363
0.195187 0.876526 -0.440005 382
0.400453 0.086745 -0.912203 357
0.401742 -0.01132 -0.915684 383
0.249773 -0.780141 -0.573581 353
0.12292 0.953591 -0.274875 331
0.395307 0.183975 -0.899938 384
0.306374 -0.643102 -0.701824 332
0.373681 0.3722 -0.849606 334
0.368642 -0.393116 -0.842356 368
0.351201 -0.481349 -0.803096 385
0.337694 0.546121 -0.766626 358
0.110319 -0.960163 -0.256745 364
0.071919 -0.982929 -0.169351 335
0.392738 -0.20618 -0.896242 359
0.382532 -0.301098 -0.873505 366
0.28873 0.699056 -0.654185 336
0.147657 -0.92815 -0.341666 338
0.399162 -0.109276 -0.910346 375
0.22867 0.825125 -0.516604 386
0.159823 0.919486 -0.35917 340
0.279419 -0.715064 -0.640788 374
0.036943 0.994036 -0.102609 369
0.084834 0.978512 -0.187933 341
0.386355 0.279433 -0.879005 371
0.330379 -0.564946 -0.7561 342
0.357409 0.461382 -0.812026 343
0.032826 -0.996228 -0.080327 377
0.314728 0.625601 -0.713843 373
0.259952 0.765778 -0.588227 345
0.181266 -0.928213 -0.324908 378
0.486562 -0.109439 -0.866765 387
0.277462 0.825035 -0.492274 346
0.266514 -0.837794 -0.476522 380
0.193431 0.919424 -0.342411 388
0.481443 0.183815 -0.856987 389
0.487853 0.086583 -0.868622 390
0.341519 -0.71518 -0.609823 348
0.04593 0.994009 -0.099181 350
0.101967 0.97848 -0.179389 381
0.454818 0.372049 -0.809148 391
0.470396 0.279277 -0.837099 352
0.428654 -0.481493 -0.764475 382
0.403401 -0.565081 -0.719689 379
0.410716 0.545986 -0.730215 354
0.434861 0.461238 -0.773406 383
0.041434 -0.996244 -0.076034 392
0.449779 -0.393267 -0.801898 382
0.382616 0.625475 -0.679991 393
0.135813 -0.96021 -0.244033 394
0.478874 -0.20634 -0.853292 365
0.315666 0.765674 -0.560445 395
0.224973 -0.887276 -0.402654 383
0.236586 0.87645 -0.419362 367
0.489565 -0.011483 -0.871892 396
0.305487 -0.780244 -0.5458 384
0.148414 0.953543 -0.262163 385
0.374262 -0.643228 -0.667972 397
0.089052 -0.982961 -0.160808 398
0.466573 -0.301254 -0.831599 370
0.35083 0.69894 -0.623219 399
0.159938 -0.960226 -0.228883 364
0.560385 -0.206392 -0.802106 372
0.368389 0.765641 -0.527337 400
0.312686 -0.837824 -0.447527 366
0.26415 -0.887301 -0.378052 386
0.275763 0.876425 -0.394761 401
0.57056 0.08653 -0.816685 402
0.572673 -0.011536 -0.819704 374
0.35821 -0.780278 -0.512692 403
0.172539 0.953528 -0.247013 369
0.562953 0.183763 -0.805802 371
0.472502 -0.565125 -0.676296 404
0.438505 -0.643269 -0.62763 405
0.5316 0.372 -0.760933 373
0.526561 -0.393316 -0.753683 406
0.501949 -0.481539 -0.718449 407
0.479818 0.545942 -0.686822 387
0.105266 -0.982971 -0.150626 408
0.546103 -0.301305 -0.781658 409
0.409596 0.698903 -0.586317 388
0.21307 -0.928233 -0.304936 410
0.56927 -0.109491 -0.814828 411
0.323634 0.825005 -0.46328 390
0.225235 0.919403 -0.32244 412
0.400285 -0.715217 -0.57292 413
0.062684 0.993988 -0.089773 381
0.118181 0.978469 -0.169208 414
0.549925 0.279226 -0.787158 391
0.508156 0.461192 -0.72738 379
0.04958 -0.996249 -0.070919 394
0.446859 0.625434 -0.639649 415
0.120403 -0.982959 -0.138905 392
0.636486 -0.206335 -0.743178 395
0.620354 -0.301249 -0.724162 416
0.464463 0.698944 -0.543832 384
0.242763 -0.928211 -0.281944 417
0.646489 -0.109433 -0.755035 362
0.31234 0.876452 -0.366438 385
0.366743 0.825038 -0.4299 393
0.355794 -0.837791 -0.414147 363
0.195063 0.953545 -0.229572 364
0.254929 0.919426 -0.299447 418
0.639055 0.18382 -0.746874 365
0.647779 0.086588 -0.756892 366
0.455152 -0.715176 -0.530435 419
0.07029 0.993993 -0.083884 367
0.133318 0.978481 -0.157486 386
0.603287 0.372054 -0.705424 397
0.624177 0.279282 -0.729662 368
0.570379 -0.481488 -0.665461 369
0.537018 -0.565077 -0.626339 420
0.576587 0.461243 -0.674392 370
0.057185 -0.996244 -0.06503 371
0.598247 -0.393262 -0.698174 421
0.506839 0.625479 -0.593205 372
0.182462 -0.960209 -0.211442 373
0.417614 0.765678 -0.489221 422
0.300727 -0.887273 -0.349729 374
0.650266 -0.011478 -0.759621 387
0.407435 -0.780241 -0.474576 401
0.498485 -0.643224 -0.581186 375
0.544334 0.54599 -0.636865 376
0.064177 -0.996227 -0.058424 411
0.664148 -0.393106 -0.635906 404
0.514901 0.699063 -0.496174 377
0.561978 0.625609 -0.541105 413
0.203168 -0.96016 -0.191878 406
0.706446 -0.206169 -0.677075 391
0.406372 0.825132 -0.392455 408
0.462865 0.765785 -0.446464 378
0.334352 -0.887194 -0.317958 379
0.345965 0.876532 -0.334667 410
0.718766 0.086756 -0.689818 380
0.721596 -0.011309 -0.692223 392
0.452686 -0.780134 -0.431819 423
0.215769 0.953594 -0.210008 381
0.709015 0.183986 -0.680771 415
0.596327 -0.564937 -0.5703 424
0.553624 -0.643093 -0.529086 425
0.669187 0.37221 -0.643156 416
0.633287 -0.481339 -0.606021 426
0.603643 0.54613 -0.580825 427
0.134319 -0.982926 -0.125756 417
0.688613 -0.301087 -0.659667 428
0.27006 -0.928146 -0.256151 429
0.717476 -0.109265 -0.687961 398
0.395423 -0.837698 -0.376703 430
0.282226 0.91949 -0.273655 393
0.50559 -0.715057 -0.482778 399
0.147234 0.978514 -0.144338 431
0.692436 0.279444 -0.665166 418
0.639494 0.461392 -0.614952 419
0.723628 -0.39285 -0.567479 432
0.690066 -0.481094 -0.540702 433
0.657174 0.546361 -0.519243 402
0.146879 -0.982872 -0.111307 434
0.76959 -0.205897 -0.604433 397
0.750222 -0.300822 -0.588791 403
0.503708 0.765961 -0.399478 435
0.560425 0.69926 -0.443803 420
0.364701 -0.887063 -0.283044 405
0.294698 -0.92804 -0.227808 436
0.781547 -0.108989 -0.614254 421
0.44214 0.825286 -0.351307 407
0.493529 -0.779957 -0.384833 437
0.431191 -0.837543 -0.335555 422
0.234458 0.953675 -0.188508 409
0.306864 0.919597 -0.245311 438
0.772159 0.184258 -0.608129 401
0.782837 0.087033 -0.61611 404
0.551114 -0.71486 -0.430406 439
0.083592 0.994037 -0.070018 440
0.159794 0.978568 -0.129888 413
0.728667 0.372467 -0.574729 441
0.754044 0.279709 -0.594291 406
0.649858 -0.564706 -0.508717 414
0.696273 0.461637 -0.549633 442
0.070487 -0.9962 -0.051164 408
0.611745 0.625824 -0.483853 410
0.221857 -0.960079 -0.170378 425
0.376314 0.876663 -0.299753 443
0.785977 -0.011031 -0.618159 416
0.603392 -0.642879 -0.471834 444
0.740169 -0.480756 -0.470133 423
0.697095 -0.564386 -0.442185 394
0.746377 0.461976 -0.479063 430
0.076056 -0.996162 -0.043321 424
0.776115 -0.392495 -0.493552 418
0.655661 0.626121 -0.421998 426
0.238348 -0.959968 -0.14715 395
0.82531 -0.20552 -0.525953 419
0.473703 0.825499 -0.306852 428
0.539749 0.766205 -0.348716 396
0.391482 -0.886882 -0.245324 398
0.403095 0.876844 -0.262033 434
0.842788 -0.010647 -0.538141 445
0.591286 -0.714589 -0.373825 420
0.52957 -0.779714 -0.334071 446
0.25095 0.953786 -0.16528 399
0.827879 0.184635 -0.529649 400
0.647307 -0.642582 -0.409979 436
0.781155 0.372821 -0.500802 432
0.704411 0.546681 -0.45271 402
0.157963 -0.982797 -0.095696 438
0.804587 -0.300454 -0.512219 447
0.600597 0.699531 -0.387221 403
0.316439 -0.927893 -0.197187 437
0.838085 -0.108607 -0.534621 448
0.462754 -0.83733 -0.291099 404
0.328604 0.919744 -0.21469 449
0.839375 0.087415 -0.536478 405
0.089161 0.994075 -0.062175 406
0.170878 0.978643 -0.114277 450
0.80841 0.280077 -0.517718 407
0.737584 -0.563982 -0.371344 409
0.684949 -0.642206 -0.344118 442
0.789322 0.462405 -0.403923 451
0.826143 0.373271 -0.422087 411
0.821104 -0.392045 -0.414837 443
0.783115 -0.480326 -0.394993 439
0.693303 0.626497 -0.356137 412
0.744899 0.547085 -0.381869 452
0.167462 -0.982702 -0.079074 413
0.87307 -0.205043 -0.44239 423
0.851185 -0.299989 -0.430687 453
0.63503 0.699875 -0.326976 414
0.414436 -0.886653 -0.205161 443
0.335073 -0.927707 -0.164582 454
0.886545 -0.108122 -0.449831 455
0.500756 0.825769 -0.259517 444
0.489808 -0.83706 -0.243764 456
0.265085 0.953927 -0.140547 457
0.347239 0.91993 -0.182085 424
0.875639 0.185112 -0.446086 458
0.887836 0.087899 -0.451688 459
0.625719 -0.714245 -0.313579 431
0.180378 0.978738 -0.097656 460
0.855008 0.280542 -0.436187 426
0.080829 -0.996115 -0.03497 428
0.252484 -0.959826 -0.122418 461
0.570641 0.766513 -0.294665 462
0.426049 0.877073 -0.221869 445
0.891484 -0.010161 -0.45294 463
0.560462 -0.779405 -0.28002 464
0.715954 -0.641754 -0.274886 435
0.65408 -0.713832 -0.250249 465
0.093933 0.994123 -0.053824 446
0.188203 0.978852 -0.080183 436
0.863199 0.373811 -0.339342 466
0.89339 0.281101 -0.350481 432
0.818488 -0.479811 -0.316006 447
0.770933 -0.563496 -0.296875 467
0.824695 0.46292 -0.324936 468
0.08476 -0.996057 -0.026191 437
0.85816 -0.391506 -0.332093 469
0.663392 0.700288 -0.263645 448
0.724308 0.626949 -0.286904 449
0.350423 -0.927483 -0.130308 470
0.264127 -0.959657 -0.096419 471
0.912409 -0.20447 -0.354548 450
0.596086 0.766884 -0.237847 472
0.512091 -0.836735 -0.194006 473
0.433344 -0.886377 -0.162942 451
0.444957 0.877348 -0.17965 474
0.931593 -0.009576 -0.363378 475
0.585907 -0.779034 -0.223202 439
0.276728 0.954097 -0.114549 455
0.914977 0.185685 -0.358244 476
0.778249 0.547571 -0.3074 477
0.175287 -0.982589 -0.061602 478
0.889568 -0.299429 -0.344981 452
0.926462 -0.107541 -0.3607 444
0.52304 0.826094 -0.209759 479
0.362589 0.920153 -0.147811 453
0.927752 0.08848 -0.362556 425
0.60566 -0.778605 -0.164165 459
0.285767 0.954293 -0.087534 454
0.945517 0.186349 -0.26697 427
0.796824 -0.562933 -0.219497 460
0.740024 -0.641231 -0.202948 456
0.891967 0.374436 -0.253364 429
0.886928 -0.39088 -0.246115 462
0.845949 -0.479214 -0.233932 480
0.748378 0.627472 -0.214967 445
0.804139 0.548134 -0.230022 458
0.273166 -0.95946 -0.069405 430
0.181362 -0.982457 -0.043446 446
0.942948 -0.203806 -0.263274 481
0.919365 -0.298782 -0.255926 431
0.615839 0.767313 -0.178809 433
0.685409 0.700767 -0.197841 466
0.362339 -0.927224 -0.094694 461
0.962731 -0.0089 -0.270316 447
0.95745 -0.106868 -0.268086 463
0.540339 0.82647 -0.158056 434
0.529391 -0.836359 -0.142304 448
0.374505 0.920412 -0.112198 482
0.95874 0.089154 -0.269943 435
0.676098 -0.713353 -0.184444 449
0.097865 0.99418 -0.045045 483
0.194277 0.978984 -0.062027 436
0.923187 0.281749 -0.261426 450
0.852157 0.463517 -0.242863 484
0.087812 -0.995991 -0.017069 437
0.448022 -0.886058 -0.119072 451
0.459635 0.877667 -0.135781 467
0.541539 -0.835936 -0.089155 438
0.292115 0.954515 -0.059764 440
0.382872 0.920704 -0.075588 476
0.966963 0.187096 -0.173143 470
0.980501 0.089912 -0.174738 441
0.756927 -0.640642 -0.128998 478
0.69156 -0.712814 -0.116799 472
0.100917 0.994246 -0.035923 453
0.198543 0.979133 -0.043364 474
0.912169 0.37514 -0.164981 442
0.944112 0.282478 -0.16988 476
0.865234 -0.478542 -0.149563 485
0.815005 -0.5623 -0.139954 486
0.871441 0.464189 -0.158494 487
0.089955 -0.995916 -0.007693 488
0.907129 -0.390176 -0.157731 478
0.765281 0.628061 -0.141016 457
0.370706 -0.926932 -0.058085 489
0.279513 -0.959239 -0.041634 479
0.964394 -0.203059 -0.169447 454
0.552487 0.826893 -0.104907 490
0.629711 0.767797 -0.11812 491
0.45833 -0.885699 -0.073976 456
0.469943 0.878027 -0.090684 492
0.984597 -0.008137 -0.174651 493
0.619532 -0.778122 -0.103475 462
0.82232 0.548767 -0.150479 494
0.185628 -0.982308 -0.024783 480
0.94029 -0.298053 -0.164381 464
0.700871 0.701306 -0.130195 495
0.97921 -0.106109 -0.172881 458
0.464167 -0.885303 -0.028087 465
0.475781 0.878423 -0.044795 496
0.996981 -0.007297 -0.077303 481
0.627389 -0.777588 -0.041719 461
0.295709 0.954759 -0.031505 497
0.979109 0.187921 -0.077666 498
0.7665 -0.639992 -0.053747 468
0.92361 0.375917 -0.075044 499
0.918571 -0.389399 -0.067794 463
0.876155 -0.477801 -0.06371 469
0.774854 0.628711 -0.065766 500
0.832617 0.549466 -0.069538 482
0.188044 -0.982144 -0.005791 483
0.97654 -0.202234 -0.07397 501
0.95214 -0.297248 -0.071225 502
0.709628 0.7019 -0.06136 473
0.375445 -0.926611 -0.020832 503
0.991535 -0.105272 -0.076003 484
0.559368 0.827361 -0.050824 475
0.548419 -0.835469 -0.035072 504
0.387611 0.921026 -0.038335 467
0.992826 0.090749 -0.07786 470
0.700317 -0.71222 -0.047964 486
0.10306 0.994321 -0.026546 505
0.200959 0.979297 -0.024372 478
0.955963 0.283283 -0.076724 506
0.825302 -0.561601 -0.059013 472
0.882363 0.46493 -0.072641 479
0.185628 -0.982308 -0.024783 507
0.091169 -0.995834 0.001849 474
0.089955 -0.995916 -0.007693 455
0.283108 -0.958995 -0.013376 491
0.637568 0.76833 -0.056363 485
0.375445 -0.926611 -0.020832 457
0.465479 -0.884873 0.018153 493
0.37651 -0.926262 0.016706 508
0.991535 -0.105272 -0.076003 459
0.999764 -0.006386 0.020788 495
0.994304 -0.104366 0.021617 490
0.475781 0.878423 -0.044795 481
0.560914 0.827867 0.003673 492
0.559368 0.827361 -0.050824 460
0.627389 -0.777588 -0.041719 462
0.549965 -0.834962 0.019425 498
0.548419 -0.835469 -0.035072 509
0.388676 0.921374 -0.000797 463
0.992826 0.090749 -0.07786 510
0.981838 0.188814 0.018541 464
0.995595 0.091655 0.01976 465
0.7665 -0.639992 -0.053747 500
0.702284 -0.711576 0.021397 511
0.700317 -0.71222 -0.047964 483
0.104547 0.994493 -0.00739 497
0.201502 0.979474 -0.005235 466
0.955963 0.283283 -0.076724 468
0.92618 0.376758 0.015581 504
0.958626 0.284155 0.017144 512
0.825302 -0.561601 -0.059013 469
0.878609 -0.476997 0.022799 503
0.827615 -0.560843 0.022547 513
0.832617 0.549466 -0.069538 471
0.884817 0.465734 0.013868 505
0.882363 0.46493 -0.072641 501
0.188587 -0.981966 0.013345 473
0.091442 -0.995745 0.011464 506
0.95214 -0.297248 -0.071225 514
0.921142 -0.388558 0.022831 475
0.918571 -0.389399 -0.067794 507
0.709628 0.7019 -0.06136 515
0.777005 0.629415 0.01006 486
0.774854 0.628711 -0.065766 516
0.283916 -0.958731 0.015099 505
0.283108 -0.958995 -0.013376 506
0.979269 -0.201341 0.022237 517
0.97654 -0.202234 -0.07397 518
0.637568 0.76833 -0.056363 489
0.639333 0.768908 0.005865 519
0.464167 -0.885303 -0.028087 507
0.387611 0.921026 -0.038335 485
0.477092 0.878852 0.001445 520
0.996981 -0.007297 -0.077303 521
0.629154 -0.777011 0.02051 508
0.296517 0.955023 -0.003031 522
0.979109 0.187921 -0.077666 523
0.768651 -0.639288 0.022079 490
0.92361 0.375917 -0.075044 524
0.876155 -0.477801 -0.06371 525
0.834931 0.550224 0.012022 496
0.188044 -0.982144 -0.005791 526
0.954803 -0.296376 0.022643 492
0.711596 0.702544 0.008001 498
0.373891 -0.92589 0.054168 527
0.281929 -0.958448 0.043515 509
0.972555 -0.200387 0.118247 510
0.55711 0.828407 0.058058 528
0.63499 0.769525 0.067967 529
0.546162 -0.834422 0.073811 500
0.462252 -0.884415 0.064299 530
0.388676 0.921374 -0.000797 511
0.473865 0.879311 0.047591 502
0.992918 -0.005413 0.11868 531
0.624811 -0.776394 0.082612 497
0.201502 0.979474 -0.005235 512
0.29453 0.955305 0.025386 532
0.296517 0.955023 -0.003031 533
0.975124 0.189768 0.114551 503
0.821923 -0.560035 0.103941 534
0.763359 -0.638536 0.09775 513
0.919856 0.377657 0.106021 501
0.914817 -0.38766 0.113271 516
0.872572 -0.47614 0.109131 535
0.829239 0.551032 0.093416 506
0.187251 -0.981776 0.032443 536
0.948252 -0.295446 0.116319 514
0.706755 0.703232 0.077221 515
0.987491 -0.103398 0.119037 519
0.386057 0.921746 0.036665 537
0.988782 0.092623 0.11718 485
0.697444 -0.710888 0.090617 538
0.104547 0.994493 -0.00739 486
0.200167 0.979664 0.013862 539
0.952075 0.285085 0.11082 517
0.878779 0.466591 0.100201 488
0.090771 -0.995649 0.021059 508
0.771713 0.630167 0.085731 540
0.18405 -0.981576 0.051318 489
0.956462 -0.199382 0.213137 490
0.93255 -0.294465 0.208902 520
0.624581 0.770175 0.129344 491
0.695153 0.703957 0.145633 493
0.454517 -0.883932 0.109906 526
0.367611 -0.925498 0.091192 522
0.97651 -0.004389 0.215428 494
0.971162 -0.102378 0.215319 527
0.46613 0.879794 0.093198 541
0.547995 0.828976 0.111809 510
0.537046 -0.833853 0.127561 524
0.379777 0.922139 0.073689 495
0.959031 0.190773 0.209441 511
0.972453 0.093643 0.213462 542
0.685841 -0.710163 0.159029 496
0.103876 0.994588 0.002205 497
0.196966 0.979864 0.032737 543
0.904697 0.378603 0.195405 498
0.936373 0.286066 0.203402 512
0.80828 -0.559183 0.184385 528
0.864309 0.467495 0.185525 499
0.089163 -0.995549 0.030542 513
0.899658 -0.386713 0.202655 544
0.759029 0.630959 0.160519 500
0.277166 -0.958151 0.0716 502
0.614402 -0.775744 0.143988 535
0.289767 0.955603 0.053471 545
0.750675 -0.637744 0.172537 514
0.858101 -0.475236 0.194456 546
0.815596 0.551884 0.173859 503
0.179015 -0.981368 0.069788 515
0.086633 -0.995444 0.039822 532
0.87581 -0.385727 0.290122 504
0.739076 0.631783 0.233703 535
0.269673 -0.957841 0.099082 547
0.931146 -0.198336 0.305991 548
0.533654 0.829569 0.164407 518
0.608206 0.770852 0.189404 549
0.522705 -0.83326 0.180159 536
0.442349 -0.883429 0.154535 537
0.369899 0.922547 0.109919 550
0.453963 0.880297 0.137827 551
0.950697 -0.003322 0.310102 538
0.598027 -0.775067 0.204049 552
0.282274 0.955912 0.080953 553
0.933715 0.191819 0.302295 554
0.730722 -0.636919 0.245721 555
0.880849 0.379589 0.282872 517
0.835337 -0.474295 0.277951 523
0.794134 0.552771 0.252578 556
0.907849 -0.293445 0.299499 540
0.6769 0.704711 0.212577 520
0.357733 -0.92509 0.127422 557
0.945474 -0.101317 0.309537 558
0.946765 0.094705 0.30768 526
0.667589 -0.709409 0.225973 559
0.102268 0.994688 0.011688 522
0.19193 0.980072 0.051207 527
0.911672 0.287086 0.294 560
0.786818 -0.558296 0.263103 541
0.841544 0.468436 0.26902 529
0.843504 -0.384712 0.37483 561
0.804498 -0.473326 0.358812 524
0.712045 0.632633 0.304578 530
0.765059 0.553685 0.328813 562
0.259522 -0.957522 0.125697 542
0.172193 -0.981154 0.087675 543
0.89685 -0.197258 0.395917 563
0.874387 -0.292393 0.387238 564
0.586022 0.771549 0.24757 533
0.652174 0.705488 0.27741 565
0.425865 -0.882911 0.197756 528
0.344352 -0.924669 0.162509 534
0.915729 -0.002223 0.401789 566
0.910674 -0.100223 0.400783 544
0.514227 0.830179 0.215346 545
0.503278 -0.83265 0.231098 548
0.356518 0.922967 0.145006 567
0.899419 0.192897 0.392221 546
0.911965 0.095798 0.398926 549
0.642863 -0.708632 0.290806 568
0.09631 0.994901 0.029955 537
0.185108 0.980286 0.069094 569
0.848543 0.380604 0.36758 532
0.87821 0.288138 0.381739 516
0.757743 -0.557382 0.339338 553
0.810705 0.469405 0.349881 547
0.083205 -0.995337 0.048808 518
0.437479 0.880815 0.181048 555
0.575843 -0.77437 0.262214 570
0.272123 0.956231 0.107569 540
0.703691 -0.63607 0.316597 550
0.765881 -0.472338 0.43626 519
0.721336 -0.556451 0.412356 521
0.772088 0.470393 0.42733 558
0.078913 -0.995227 0.057416 552
0.80305 -0.383677 0.455963 522
0.678197 0.633499 0.372462 571
0.327595 -0.924241 0.196115 523
0.246811 -0.957197 0.15119 525
0.853904 -0.196159 0.482048 561
0.558244 0.772259 0.303281 557
0.478951 -0.832027 0.279887 542
0.405224 -0.882383 0.239153 572
0.416837 0.881343 0.222445 526
0.871942 -0.001103 0.489607 527
0.548065 -0.773659 0.317926 564
0.259412 0.956556 0.133061 573
0.856473 0.193996 0.478352 529
0.669844 -0.635204 0.384481 565
0.808089 0.381639 0.448713 574
0.728651 0.554616 0.401831 544
0.16365 -0.980935 0.104808 575
0.832485 -0.291321 0.471275 530
0.621212 0.70628 0.339507 545
0.867098 -0.099108 0.488178 563
0.4899 0.830802 0.264135 531
0.339761 0.923396 0.178613 533
0.868389 0.096913 0.486321 569
0.611901 -0.70784 0.352903 576
0.176565 0.980505 0.086227 534
0.836308 0.28921 0.465775 568
0.629505 -0.63433 0.44872 577
0.759877 0.382684 0.52549 567
0.754838 -0.382633 0.53274 578
0.719858 -0.471341 0.50955 579
0.637858 0.634373 0.436702 549
0.685261 0.555557 0.470928 580
0.15347 -0.980715 0.12102 568
0.802722 -0.19505 0.563554 551
0.782548 -0.290239 0.550799 581
0.525138 0.772977 0.356001 569
0.584312 0.70708 0.398269 553
0.380625 -0.88185 0.278327 582
0.307625 -0.923808 0.227917 547
0.819758 2.8e-05 0.57271 555
0.815165 -0.097983 0.570881 583
0.392238 0.881876 0.261619 570
0.460908 0.83143 0.310305 556
0.449959 -0.831399 0.326056 584
0.319791 0.923829 0.210415 550
0.805291 0.195105 0.559858 558
0.816456 0.098038 0.569024 585
0.575001 -0.70704 0.411665 552
0.086903 0.995121 0.046708 559
0.166385 0.980725 0.10244 586
0.786371 0.290292 0.5453 571
0.677946 -0.55551 0.481453 557
0.726066 0.47139 0.50062 587
0.073798 -0.995116 0.065562 588
0.231663 -0.956869 0.175313 572
0.514959 -0.772942 0.370645 589
0.244264 0.956885 0.157184 590
0.141749 -0.980494 0.136157 564
0.743798 -0.193941 0.63965 591
0.725056 -0.289157 0.625045 573
0.487025 0.773694 0.405222 574
0.54183 0.707879 0.453132 592
0.284634 -0.923375 0.257609 593
0.759679 0.001158 0.650297 566
0.755375 -0.096858 0.648094 594
0.42753 0.832058 0.35341 575
0.476846 -0.772225 0.419866 567
0.416581 -0.830771 0.369162 595
0.296799 0.924261 0.240106 563
0.746367 0.196214 0.635954 576
0.756666 0.099163 0.646237 581
0.532519 -0.706241 0.466527 596
0.154664 0.980946 0.117576 577
0.704371 0.383728 0.597171 580
0.728878 0.291374 0.619546 597
0.666873 -0.470344 0.577976 548
0.627992 -0.55457 0.545965 582
0.673081 0.472387 0.569046 578
0.06791 -0.995005 0.073167 549
0.699332 -0.381588 0.604421 583
0.591416 0.635247 0.496677 598
0.214223 -0.956541 0.197835 551
0.352304 -0.881317 0.314902 584
0.363917 0.882409 0.298194 599
0.226824 0.957213 0.179707 552
0.583063 -0.633456 0.508696 600
0.635307 0.556497 0.53544 553
0.128601 -0.980276 0.150071 555
0.061304 -0.994895 0.080158 601
0.637067 -0.380554 0.670316 602
0.494174 0.70867 0.503566 571
0.539319 0.636112 0.551812 603
0.258843 -0.922947 0.284903 556
0.194659 -0.956216 0.21854 558
0.677697 -0.192843 0.709604 588
0.390087 0.83268 0.393036 604
0.444269 0.774404 0.45047 559
0.379138 -0.830149 0.408787 590
0.320534 -0.880789 0.348524 605
0.271008 0.92469 0.267401 560
0.332147 0.882936 0.331816 591
0.692284 0.002278 0.721622 606
0.434091 -0.771514 0.465114 574
0.20726 0.957538 0.200411 587
0.680266 0.197311 0.705908 561
0.530966 -0.632591 0.56383 562
0.613643 0.473374 0.631948 594
0.642106 0.384763 0.663066 589
0.607436 -0.469357 0.640879 564
0.57927 0.557427 0.594744 595
0.660563 -0.288086 0.693299 607
0.688304 -0.095744 0.719075 565
0.689595 0.100277 0.717218 596
0.484863 -0.705449 0.516961 592
0.081014 0.995232 0.054313 577
0.141516 0.981164 0.131491 608
0.664385 0.292445 0.687799 566
0.571955 -0.55364 0.605269 579
0.568642 -0.37954 0.729791 609
0.542119 -0.468389 0.697652 595
0.482068 0.63696 0.601574 596
0.51769 0.55834 0.64827 610
0.114152 -0.980062 0.16263 611
0.605058 -0.191767 0.772742 580
0.58969 -0.287036 0.754901 612
0.441804 0.709447 0.549086 597
0.2305 -0.922527 0.309539 578
0.618221 0.003375 0.785997 613
0.614599 -0.094652 0.78314 614
0.34894 0.83329 0.4288 598
0.337991 -0.829539 0.444552 615
0.185761 0.957857 0.219098 616
0.242666 0.92511 0.292036 599
0.607627 0.198388 0.769046 617
0.615889 0.10137 0.781283 618
0.432493 -0.704673 0.562481 585
0.074408 0.995342 0.061304 619
0.127067 0.981378 0.14405 600
0.573681 0.385776 0.722541 601
0.593512 0.293495 0.749402 620
0.510374 -0.552727 0.658795 602
0.548326 0.474342 0.688722 586
0.054044 -0.994788 0.086467 621
0.17316 -0.955897 0.237227 603
0.397285 0.7751 0.491308 604
0.285621 -0.880272 0.37887 622
0.297234 0.883454 0.362162 623
0.387106 -0.770818 0.505953 605
0.473715 -0.631742 0.613593 624
0.471551 -0.46745 0.74775 625
0.443843 -0.551842 0.706027 591
0.477758 0.475281 0.73882 626
0.046201 -0.994683 0.092035 606
0.494717 -0.378556 0.782272 593
0.420215 0.637784 0.645485 627
0.199879 -0.922119 0.331277 587
0.149932 -0.955588 0.253717 594
0.52658 -0.190723 0.828456 628
0.304485 0.833881 0.46036 589
0.346523 0.775776 0.527345 595
0.293537 -0.828948 0.476112 629
0.247902 -0.87977 0.405648 607
0.259515 0.883956 0.38894 596
0.538205 0.00444 0.842802 630
0.336344 -0.770142 0.54199 592
0.111456 0.981586 0.155132 608
0.162533 0.958166 0.235588 612
0.529149 0.199432 0.82476 631
0.411861 -0.630919 0.657504 578
0.499756 0.38676 0.775022 632
0.451159 0.559225 0.695501 579
0.098541 -0.979854 0.173712 598
0.513119 -0.286017 0.809261 633
0.385224 0.7102 0.589253 580
0.534968 -0.093592 0.839672 599
0.212045 0.925517 0.313775 610
0.536259 0.102429 0.837815 581
0.375913 -0.70392 0.602649 582
0.067149 0.995449 0.067614 619
0.516941 0.294514 0.803762 613
0.373003 -0.550992 0.74651 602
0.346001 -0.630129 0.695141 615
0.421042 0.387705 0.820005 583
0.416003 -0.377612 0.827255 603
0.396412 -0.466548 0.79069 617
0.354355 0.638574 0.683122 584
0.380318 0.560075 0.735985 604
0.08192 -0.979655 0.183211 634
0.443017 -0.18972 0.876209 585
0.431588 -0.285038 0.855853 605
0.292473 0.776425 0.558233 635
0.324979 0.710922 0.623681 586
0.167275 -0.921728 0.349909 588
0.450179 -0.092575 0.888126 627
0.257151 0.834449 0.48741 622
0.246202 -0.82838 0.503161 589
0.179441 0.925909 0.332407 624
0.445586 0.200435 0.872513 590
0.45147 0.103447 0.886269 607
0.315668 -0.703198 0.637077 636
0.050955 0.995654 0.077955 591
0.094835 0.981786 0.164631 593
0.435411 0.295493 0.850354 630
0.402619 0.476183 0.781759 637
0.03785 -0.994583 0.096808 608
0.1252 -0.955291 0.26785 638
0.207739 -0.879288 0.428599 594
0.219352 0.884438 0.411892 629
0.453006 0.005462 0.89149 639
0.282294 -0.769494 0.572877 640
0.137801 0.958462 0.249722 611
0.252338 -0.702512 0.665434 641
0.042176 0.995749 0.081885 630
0.077362 0.981975 0.172454 612
0.338298 0.388601 0.857055 642
0.349705 0.29642 0.88873 631
0.317425 -0.465693 0.826057 632
0.298535 -0.550186 0.779854 643
0.323632 0.477038 0.817127 644
0.029072 -0.994488 0.100738 633
0.333259 -0.376716 0.864305 645
0.261649 0.711608 0.652038 646
0.285123 0.639323 0.714122 618
0.099202 -0.95501 0.279491 647
0.355176 -0.188769 0.915542 610
0.207393 0.834988 0.50969 613
0.235656 0.77704 0.583674 648
0.196444 -0.827841 0.525442 649
0.16552 -0.878831 0.447504 615
0.177133 0.884895 0.430796 650
0.363444 0.006432 0.931593 651
0.225477 -0.768879 0.598319 621
0.111803 0.958744 0.261363 652
0.357745 0.201386 0.911846 617
0.276769 -0.629379 0.726141 634
0.30585 0.560882 0.769329 653
0.064447 -0.979465 0.191035 654
0.345883 -0.28411 0.894229 625
0.133001 -0.921357 0.365256 655
0.361048 -0.09161 0.928036 635
0.145167 0.92628 0.347754 622
0.362339 0.104412 0.926179 656
0.166439 -0.768303 0.618068 657
0.084788 0.959007 0.2704 628
0.266471 0.202276 0.942379 658
0.221156 -0.549431 0.805739 624
0.204831 -0.628678 0.750206 636
0.241559 0.477839 0.844582 640
0.252319 0.389439 0.885817 659
0.235352 -0.464893 0.853513 637
0.228472 0.561636 0.795214 641
0.046292 -0.979288 0.197108 660
0.263902 -0.187879 0.946075 631
0.256828 -0.283242 0.92402 661
0.176618 0.777615 0.603424 638
0.195844 0.71225 0.674052 632
0.12165 -0.878403 0.462179 639
0.097388 -0.92101 0.37717 609
0.270382 0.00734 0.962725 611
0.268434 -0.090706 0.959017 647
0.15569 0.835492 0.526986 662
0.144742 -0.827337 0.542737 612
0.109553 0.926627 0.359667 646
0.269725 0.105315 0.95716 663
0.186533 -0.70187 0.687447 614
0.059206 0.982152 0.178528 649
0.26065 0.297289 0.918521 643
0.01995 -0.994399 0.10379 616
0.247281 -0.375877 0.893067 651
0.213184 0.640025 0.738187 645
0.072187 -0.954746 0.288528 618
0.133263 0.885323 0.445471 652
0.091593 -0.826872 0.554882 664
0.072943 0.926947 0.368033 619
0.172643 0.203097 0.963819 654
0.174519 0.106148 0.978915 648
0.118887 -0.701278 0.702904 620
0.033054 0.995838 0.084937 665
0.040543 0.982315 0.182793 650
0.163936 0.390212 0.906012 635
0.169103 0.29809 0.939439 666
0.141613 -0.548735 0.823915 621
0.157189 0.478577 0.863861 623
0.010573 -0.994317 0.105932 657
0.158897 -0.375104 0.913262 653
0.139234 0.640672 0.755085 625
0.060778 -0.920689 0.385535 658
0.044417 -0.954503 0.294874 667
0.170074 -0.187058 0.967515 636
0.102541 0.835957 0.53913 668
0.115928 0.778146 0.617291 626
0.076554 -0.878008 0.472483 637
0.088167 0.885717 0.455776 656
0.174715 0.008177 0.984584 627
0.105749 -0.767772 0.631936 638
0.057018 0.95925 0.276745 669
0.13088 -0.628031 0.767103 628
0.150982 -0.464154 0.872791 640
0.148928 0.562332 0.81339 670
0.027628 -0.979125 0.201373 659
0.165281 -0.282441 0.944938 660
0.128198 0.712842 0.689509 671
0.173229 -0.089873 0.980772 672
0.037508 -0.826451 0.561758 661
0.030664 -0.877651 0.478318 673
0.042277 0.886074 0.461611 674
0.077367 0.008935 0.996962 644
0.043992 -0.767291 0.639788 675
0.028759 0.95947 0.280338 639
0.077165 0.203841 0.975959 662
0.06067 -0.548104 0.834206 676
0.055628 -0.627445 0.776671 677
0.071335 0.479245 0.874777 646
0.073997 0.390913 0.917448 678
0.068958 -0.374403 0.924698 663
0.065128 -0.463486 0.883707 643
0.067986 0.562963 0.823681 679
0.008636 -0.978977 0.203788 680
0.074596 -0.186314 0.979654 651
0.072124 -0.281715 0.956783 681
0.059362 0.713378 0.698261 645
0.023524 -0.920399 0.390272 664
0.076349 -0.089119 0.99309 682
0.048457 0.836378 0.546007 683
0.03569 0.927237 0.37277 648
0.077639 0.106902 0.991233 684
0.050051 -0.700742 0.711657 685
0.023677 0.99592 0.087079 665
0.021551 0.982463 0.185207 686
0.075946 0.298816 0.951284 650
0.001031 -0.994243 0.107146 655
0.063982 0.641258 0.764653 687
0.016158 -0.954283 0.298467 666
0.05417 0.778627 0.625144 653
-0.014015 -0.920142 0.391334 688
-0.020727 0.009607 0.999739 689
-0.021273 -0.08845 0.995853 667
-0.006041 0.836752 0.547549 690
-0.01699 -0.826077 0.563301 691
0.000283 0.959665 0.281144 659
-0.001849 0.927495 0.373832 692
-0.019044 0.2045 0.978682 668
-0.019982 0.107571 0.993996 660
-0.019312 -0.700267 0.71362 693
0.014135 0.995994 0.088293 656
0.002414 0.982594 0.185749 661
-0.01663 0.391534 0.920013 694
-0.017924 0.299459 0.953941 669
-0.021383 -0.462893 0.886156 639
-0.020892 -0.547546 0.836515 695
-0.015176 0.479838 0.877226 640
-0.008584 -0.994177 0.107418 662
-0.021669 -0.373782 0.927263 671
-0.011846 0.641778 0.766799 641
-0.012317 -0.954088 0.299273 642
-0.021613 -0.185655 0.982377 678
-0.00806 0.779054 0.626905 673
-0.015577 -0.877334 0.479627 644
-0.003964 0.886391 0.462919 680
-0.018238 -0.766865 0.641549 696
-0.020199 -0.626925 0.778818 645
-0.013576 0.563521 0.82599 697
-0.010501 -0.978846 0.204329 646
-0.021746 -0.281072 0.95944 664
-0.010001 0.713853 0.700224 676
-0.040734 -0.95392 0.297284 647
-0.117626 -0.185087 0.975658 649
-0.070163 0.779422 0.622558 685
-0.061724 -0.877061 0.476397 679
-0.039312 0.927716 0.37121 651
-0.050111 0.886665 0.45969 686
-0.118621 0.010187 0.992887 698
-0.080342 -0.766497 0.637203 666
-0.028134 0.959834 0.279155 682
-0.115057 0.205068 0.971962 652
-0.102288 -0.547064 0.830818 653
-0.095872 -0.626477 0.773521 684
-0.101511 0.480349 0.871183 654
-0.107072 0.392069 0.913683 667
-0.112111 -0.373247 0.920933 699
-0.107718 -0.462382 0.880113 655
-0.094972 0.564003 0.820293 657
-0.029599 -0.978733 0.202992 693
-0.115425 -0.280518 0.952883 688
-0.079223 0.714263 0.695379 669
-0.051477 -0.91992 0.388712 690
-0.118696 -0.087873 0.989034 658
-0.060428 0.837074 0.543743 670
-0.071377 -0.825755 0.559494 700
-0.117405 0.108148 0.987177 692
-0.088533 -0.699857 0.708775 672
0.00452 0.99606 0.088565 701
-0.016685 0.982707 0.184412 693
-0.111602 0.300013 0.947384 674
-0.018179 -0.99412 0.106746 702
-0.087519 0.642226 0.761503 694
-0.048474 -0.978639 0.19979 695
-0.212519 -0.184614 0.959559 703
-0.20801 -0.280057 0.937176 704
-0.147637 0.714603 0.683773 677
-0.088502 -0.919736 0.382431 705
-0.215373 0.010668 0.976473 671
-0.214981 -0.087394 0.972699 673
-0.09572 0.886892 0.451952 706
-0.114181 0.837341 0.534624 707
-0.14172 -0.766192 0.62679 696
-0.125129 -0.825488 0.550375 708
-0.056219 0.959974 0.274391 709
-0.076337 0.927901 0.364929 697
-0.20995 0.205541 0.955863 710
-0.213691 0.108627 0.970842 711
-0.156947 -0.699517 0.697169 683
-0.005075 0.996117 0.087893 712
-0.03556 0.982801 0.18121 676
-0.196459 0.392514 0.898518 685
-0.204188 0.300474 0.931677 713
-0.182734 -0.546663 0.81717 679
-0.186839 0.480774 0.856707 686
-0.027662 -0.994073 0.105137 714
-0.201498 -0.372802 0.905768 698
-0.162309 0.642598 0.748815 687
-0.06882 -0.95378 0.292519 715
-0.131542 0.779727 0.612146 682
-0.107333 -0.876834 0.46866 689
-0.170662 -0.626105 0.760833 716
-0.193046 -0.461957 0.865638 684
-0.175418 0.564404 0.806645 699
-0.305378 -0.184243 0.934238 717
-0.177729 -0.825277 0.536032 718
-0.151963 -0.876655 0.45649 688
-0.083703 0.960084 0.266896 701
-0.302809 0.205912 0.930542 719
-0.023838 0.996201 0.083754 694
0.006584 0.999934 -0.009473 720
-0.006584 -0.999934 0.009472 690
-0.307913 0.109004 0.94515 695
-0.057186 0.996244 0.065029 721
-0.076056 0.996162 0.04332 670
-0.09117 0.995834 -0.001851 672
-0.078914 0.995227 -0.057418 705
-0.06791 0.995005 -0.073168 722
-0.046202 0.994683 -0.092037 673
-0.01995 0.994399 -0.103792 723
0.054538 0.993993 -0.094889 674
0.04958 -0.996249 -0.070919 696
0.057185 -0.996244 -0.06503 703
0.077281 0.99401 -0.077278 675
0.064177 -0.996227 -0.058424 677
0.070487 -0.9962 -0.051164 712
0.076056 -0.996162 -0.043321 724
0.080829 -0.996115 -0.03497 678
0.08476 -0.996057 -0.026191 711
0.087812 -0.995991 -0.017069 706
0.104274 0.994403 -0.017005 679
0.099737 0.994793 0.020968 708
0.092018 0.99501 0.038563 680
0.059306 0.995554 0.073182 681
-0.014558 0.996164 0.086284 714
